#D = 0.192000, cgrav = 12.000000, Ts = 0.0019704069123315, At = 0.0289529112545519, yt = 0.1919949445239173 
#A                  h(A)                   I(A)                  c(A)                  phi(A)                  A(phi(A))                  A(h(A))   htrue(A)
0.0000000000000000   0.0000000000000000    0.0000000000000000   0.0000000000000000   0.0000000000000000   0.0000000000000000   0.0000000000000000    0.0000000000000000
0.0000000015240085   0.0000018949578108    0.0000000000000113   0.0015417651474925   0.0046252893553252   0.0000000015240235   0.0000000015240085    0.0000018949578108
0.0000000121917790   0.0000075797564336    0.0000000000003623   0.0030835242085085   0.0092505239312211   0.0000000121918012   0.0000000121917790    0.0000075797564337
0.0000000411456298   0.0000170541714423    0.0000000000027507   0.0046252710972822   0.0138756489483985   0.0000000411456536   0.0000000411456298    0.0000170541714423
0.0000000975249915   0.0000303178288032    0.0000000000115906   0.0061669997294545   0.0185006096288899   0.0000000975250138   0.0000000975249915    0.0000303178288032
0.0000001904649638   0.0000473702048898    0.0000000000353684   0.0077087040227726   0.0231253511965415   0.0000001904649833   0.0000001904649638    0.0000473702048898
0.0000003290948731   0.0000682106265034    0.0000000000879979   0.0092503778978020   0.0277498188775628   0.0000003290948898   0.0000003290948731    0.0000682106265034
0.0000005225368309   0.0000928382709000    0.0000000001901726   0.0107920152786303   0.0323739579010873   0.0000005225368455   0.0000005225368309    0.0000928382709000
0.0000007799042933   0.0001212521658223    0.0000000003707152   0.0123336100935680   0.0369977134997426   0.0000007799043067   0.0000007799042933    0.0001212521658223
0.0000011103006217   0.0001534511895384    0.0000000006679234   0.0138751562758585   0.0416210309102507   0.0000011103006347   0.0000011103006217    0.0001534511895384
0.0000015228176454   0.0001894340708859    0.0000000011309120   0.0154166477643807   0.0462438553740123   0.0000015228176586   0.0000015228176454    0.0001894340708859
0.0000020265342258   0.0002291993893224    0.0000000018209496   0.0169580785043589   0.0508661321377100   0.0000020265342396   0.0000020265342258    0.0002291993893224
0.0000026305148232   0.0002727455749810    0.0000000028127909   0.0184994424480683   0.0554878064538981   0.0000026305148372   0.0000026305148232    0.0002727455749811
0.0000033438080645   0.0003200709087331    0.0000000041960023   0.0200407335555443   0.0601088235815967   0.0000033438080784   0.0000033438080645    0.0003200709087331
0.0000041754453155   0.0003711735222554    0.0000000060762816   0.0215819457952911   0.0647291287868815   0.0000041754453282   0.0000041754453155    0.0003711735222554
0.0000051344392535   0.0004260513981043    0.0000000085767704   0.0231230731449941   0.0693486673434784   0.0000051344392642   0.0000051344392535    0.0004260513981043
0.0000062297824451   0.0004847023697952    0.0000000118393591   0.0246641095922289   0.0739673845333445   0.0000062297824527   0.0000062297824451    0.0004847023697952
0.0000074704459256   0.0005471241218881    0.0000000160259836   0.0262050491351764   0.0785852256472604   0.0000074704459292   0.0000074704459256    0.0005471241218881
0.0000088653777827   0.0006133141900792    0.0000000213199136   0.0277458857833353   0.0832021359854117   0.0000088653777814   0.0000088653777827    0.0006133141900792
0.0000104235017431   0.0006832699612979    0.0000000279270308   0.0292866135582384   0.0878180608579772   0.0000104235017363   0.0000104235017431    0.0006832699612979
0.0000121537157637   0.0007569886738101    0.0000000360770983   0.0308272264941694   0.0924329455857145   0.0000121537157512   0.0000121537157637    0.0007569886738101
0.0000140648906265   0.0008344674173274    0.0000000460250188   0.0323677186388812   0.0970467355005437   0.0000140648906083   0.0000140648906265    0.0008344674173274
0.0000161658685374   0.0009157031331215    0.0000000580520823   0.0339080840543165   0.1016593759461357   0.0000161658685139   0.0000161658685374    0.0009157031331215
0.0000184654617306   0.0010006926141455    0.0000000724672017   0.0354483168173290   0.1062708122784986   0.0000184654617023   0.0000184654617306    0.0010006926141455
0.0000209724510762   0.0010894325051603    0.0000000896081374   0.0369884110204081   0.1108809898665648   0.0000209724510441   0.0000209724510762    0.0010894325051602
0.0000236955846944   0.0011819193028668    0.0000001098427081   0.0385283607724042   0.1154898540927819   0.0000236955846595   0.0000236955846944    0.0011819193028668
0.0000266435765735   0.0012781493560447    0.0000001335699893   0.0400681601992559   0.1200973503536983   0.0000266435765371   0.0000266435765735    0.0012781493560447
0.0000298251051942   0.0013781188656962    0.0000001612214976   0.0416078034447207   0.1247034240605572   0.0000298251051576   0.0000298251051942    0.0013781188656962
0.0000332488121589   0.0014818238851963    0.0000001932623615   0.0431472846711066   0.1293080206398845   0.0000332488121234   0.0000332488121589    0.0014818238851963
0.0000369233008274   0.0015892603204484    0.0000002301924764   0.0446865980600062   0.1339110855340805   0.0000369233007942   0.0000369233008274    0.0015892603204483
0.0000408571349580   0.0017004239300459    0.0000002725476458   0.0462257378130340   0.1385125642020134   0.0000408571349283   0.0000408571349580    0.0017004239300459
0.0000450588373555   0.0018153103254399    0.0000003209007051   0.0477646981525651   0.1431124021196088   0.0000450588373302   0.0000450588373555    0.0018153103254399
0.0000495368885251   0.0019339149711123    0.0000003758626310   0.0493034733224772   0.1477105447804436   0.0000495368885049   0.0000495368885251    0.0019339149711123
0.0000542997253334   0.0020562331847547    0.0000004380836323   0.0508420575888951   0.1523069376963380   0.0000542997253188   0.0000542997253334    0.0020562331847547
0.0000593557396758   0.0021822601374534    0.0000005082542249   0.0523804452409379   0.1569015263979484   0.0000593557396672   0.0000593557396758    0.0021822601374534
0.0000647132771520   0.0023119908538802    0.0000005871062886   0.0539186305914689   0.1614942564353603   0.0000647132771493   0.0000647132771520    0.0023119908538802
0.0000703806357473   0.0024454202124886    0.0000006754141052   0.0554566079778493   0.1660850733786808   0.0000703806357504   0.0000703806357473    0.0024454202124886
0.0000763660645229   0.0025825429457158    0.0000007739953788   0.0569943717626935   0.1706739228186318   0.0000763660645313   0.0000763660645229    0.0025825429457159
0.0000826777623129   0.0027233536401913    0.0000008837122364   0.0585319163346290   0.1752607503671433   0.0000826777623259   0.0000826777623129    0.0027233536401913
0.0000893238764299   0.0028678467369498    0.0000010054722089   0.0600692361090588   0.1798455016579469   0.0000893238764467   0.0000893238764299    0.0028678467369498
0.0000963125013780   0.0030160165316514    0.0000011402291924   0.0616063255289274   0.1844281223471684   0.0000963125013977   0.0000963125013780    0.0030160165316514
0.0001036516775751   0.0031678571748062    0.0000012889843889   0.0631431790654901   0.1890085581139227   0.0001036516775969   0.0001036516775751    0.0031678571748062
0.0001113493900830   0.0033233626720057    0.0000014527872257   0.0646797912190862   0.1935867546609062   0.0001113493901057   0.0001113493900830    0.0033233626720057
0.0001194135673464   0.0034825268841590    0.0000016327362537   0.0662161565199153   0.1981626577149922   0.0001194135673691   0.0001194135673464    0.0034825268841591
0.0001278520799409   0.0036453435277357    0.0000018299800244   0.0677522695288180   0.2027362130278249   0.0001278520799626   0.0001278520799409    0.0036453435277358
0.0001366727393303   0.0038118061750134    0.0000020457179438   0.0692881248380605   0.2073073663764150   0.0001366727393501   0.0001366727393303    0.0038118061750135
0.0001458832966330   0.0039819082543319    0.0000022812011042   0.0708237170721224   0.2118760635637342   0.0001458832966503   0.0001458832966330    0.0039819082543319
0.0001554914413979   0.0041556430503523    0.0000025377330933   0.0723590408884894   0.2164422504193116   0.0001554914414120   0.0001554914413979    0.0041556430503523
0.0001655048003903   0.0043330037043223    0.0000028166707792   0.0738940909784498   0.2210058727998297   0.0001655048004008   0.0001655048003903    0.0043330037043223
0.0001759309363876   0.0045139832143470    0.0000031194250722   0.0754288620678959   0.2255668765897222   0.0001759309363942   0.0001759309363876    0.0045139832143470
0.0001867773469846   0.0046985744356653    0.0000034474616624   0.0769633489181288   0.2301252077017711   0.0001867773469872   0.0001867773469846    0.0046985744356653
0.0001980514634103   0.0048867700809317    0.0000038023017322   0.0784975463266689   0.2346808120777044   0.0001980514634089   0.0001980514634103    0.0048867700809317
0.0002097606493535   0.0050785627205046    0.0000041855226452   0.0800314491280698   0.2392336356887953   0.0002097606493484   0.0002097606493535    0.0050785627205045
0.0002219121998010   0.0052739447827388    0.0000045987586086   0.0815650521947386   0.2437836245364621   0.0002219121997923   0.0002219121998010    0.0052739447827387
0.0002345133398847   0.0054729085542850    0.0000050437013107   0.0830983504377594   0.2483307246528673   0.0002345133398730   0.0002345133398847    0.0054729085542850
0.0002475712237412   0.0056754461803944    0.0000055221005325   0.0846313388077231   0.2528748821015191   0.0002475712237269   0.0002475712237412    0.0056754461803944
0.0002610929333822   0.0058815496652281    0.0000060357647334   0.0861640122955614   0.2574160429778717   0.0002610929333659   0.0002610929333822    0.0058815496652281
0.0002750854775755   0.0060912108721736    0.0000065865616098   0.0876963659333866   0.2619541534099285   0.0002750854775578   0.0002750854775755    0.0060912108721735
0.0002895557907391   0.0063044215241653    0.0000071764186271   0.0892283947953371   0.2664891595588438   0.0002895557907205   0.0002895557907391    0.0063044215241652
0.0003045107318454   0.0065211732040118    0.0000078073235252   0.0907600939984270   0.2710210076195261   0.0003045107318265   0.0003045107318454    0.0065211732040117
0.0003199570833386   0.0067414573547279    0.0000084813247963   0.0922914587034031   0.2755496438212423   0.0003199570833199   0.0003199570833386    0.0067414573547279
0.0003359015500636   0.0069652652798725    0.0000092005321346   0.0938224841156064   0.2800750144282215   0.0003359015500455   0.0003359015500636    0.0069652652798725
0.0003523507582069   0.0071925881438921    0.0000099671168590   0.0953531654858398   0.2845970657402609   0.0003523507581897   0.0003523507582069    0.0071925881438920
0.0003693112542505   0.0074234169724690    0.0000107833123072   0.0968834981112420   0.2891157440933303   0.0003693112542346   0.0003693112542505    0.0074234169724690
0.0003867895039384   0.0076577426528765    0.0000116514142013   0.0984134773361676   0.2936309958601792   0.0003867895039239   0.0003867895039384    0.0076577426528764
0.0004047918912550   0.0078955559343378    0.0000125737809858   0.0999430985530729   0.2981427674509435   0.0004047918912418   0.0004047918912550    0.0078955559343378
0.0004233247174174   0.0081368474283919    0.0000135528341353   0.1014723572034086   0.3026510053137531   0.0004233247174055   0.0004233247174174    0.0081368474283919
0.0004423941998802   0.0083816076092637    0.0000145910584345   0.1030012487785192   0.3071556559353394   0.0004423941998695   0.0004423941998802    0.0083816076092637
0.0004620064713538   0.0086298268142404    0.0000156910022284   0.1045297688205482   0.3116566658416448   0.0004620064713440   0.0004620064713538    0.0086298268142404
0.0004821675788360   0.0088814952440527    0.0000168552776435   0.1060579129233513   0.3161539815984318   0.0004821675788268   0.0004821675788360    0.0088814952440528
0.0005028834826569   0.0091366029632621    0.0000180865607791   0.1075856767334157   0.3206475498118932   0.0005028834826479   0.0005028834826569    0.0091366029632621
0.0005241600555378   0.0093951399006525    0.0000193875918688   0.1091130559507868   0.3251373171292632   0.0005241600555286   0.0005241600555378    0.0093951399006525
0.0005460030816641   0.0096570958496283    0.0000207611754130   0.1106400463300021   0.3296232302394284   0.0005460030816543   0.0005460030816641    0.0096570958496284
0.0005684182557714   0.0099224604686173    0.0000222101802804   0.1121666436810327   0.3341052358735409   0.0005684182557605   0.0005684182557714    0.0099224604686174
0.0005914111822466   0.0101912232814786    0.0000237375397801   0.1136928438702318   0.3385832808056304   0.0005914111822342   0.0005914111822466    0.0101912232814787
0.0006149873742428   0.0104633736779166    0.0000253462517029   0.1152186428212917   0.3430573118532195   0.0006149873742286   0.0006149873742428    0.0104633736779167
0.0006391522528087   0.0107389009138997    0.0000270393783329   0.1167440365162079   0.3475272758779370   0.0006391522527925   0.0006391522528087    0.0107389009138997
0.0006639111460327   0.0110177941120843    0.0000288200464281   0.1182690209962518   0.3519931197861350   0.0006639111460142   0.0006639111460327    0.0110177941120843
0.0006892692882011   0.0113000422622444    0.0000306914471708   0.1197935923629512   0.3564547905295041   0.0006892692881803   0.0006892692882011    0.0113000422622445
0.0007152318189722   0.0115856342217066    0.0000326568360874   0.1213177467790792   0.3609122351056921   0.0007152318189490   0.0007152318189722    0.0115856342217066
0.0007418037825641   0.0118745587157891    0.0000347195329374   0.1228414804696519   0.3653654005589215   0.0007418037825387   0.0007418037825641    0.0118745587157891
0.0007689901269584   0.0121668043382476    0.0000368829215719   0.1243647897229339   0.3698142339806092   0.0007689901269310   0.0007689901269584    0.0121668043382477
0.0007967957031189   0.0124623595517255    0.0000391504497613   0.1258876708914543   0.3742586825099874   0.0007967957030899   0.0007967957031189    0.0124623595517255
0.0008252252642257   0.0127612126882090    0.0000415256289920   0.1274101203930295   0.3786986933347241   0.0008252252641954   0.0008252252642257    0.0127612126882090
0.0008542834649241   0.0130633519494878    0.0000440120342329   0.1289321347117972   0.3831342136915463   0.0008542834648930   0.0008542834649241    0.0130633519494878
0.0008839748605901   0.0133687654076214    0.0000466133036702   0.1304537103992583   0.3875651908668633   0.0008839748605589   0.0008839748605901    0.0133687654076214
0.0009143039066109   0.0136774410054094    0.0000493331384129   0.1319748440753297   0.3919915721973915   0.0009143039065803   0.0009143039066109    0.0136774410054094
0.0009452749576813   0.0139893665568677    0.0000521753021656   0.1334955324294050   0.3964133050707797   0.0009452749576520   0.0009452749576813    0.0139893665568677
0.0009768922671161   0.0143045297477096    0.0000551436208725   0.1350157722214271   0.4008303369262363   0.0009768922670886   0.0009768922671161    0.0143045297477096
0.0010091599861782   0.0146229181358321    0.0000582419823293   0.1365355602829693   0.4052426152551573   0.0010091599861534   0.0010091599861782    0.0146229181358320
0.0010420821634236   0.0149445191518066    0.0000614743357652   0.1380548935183278   0.4096500876017550   0.0010420821634021   0.0010420821634236    0.0149445191518066
0.0010756627440615   0.0152693200993758    0.0000648446913944   0.1395737689056239   0.4140527015636892   0.0010756627440440   0.0010756627440615    0.0152693200993758
0.0011099055693318   0.0155973081559545    0.0000683571199366   0.1410921834979174   0.4184504047926975   0.0011099055693187   0.0011099055693318    0.0155973081559544
0.0011448143758980   0.0159284703731356    0.0000720157521072   0.1426101344243306   0.4228431449952285   0.0011448143758898   0.0011448143758980    0.0159284703731356
0.0011803927952577   0.0162627936772020    0.0000758247780781   0.1441276188911834   0.4272308699330761   0.0011803927952548   0.0011803927952577    0.0162627936772020
0.0012166443531688   0.0166002648696421    0.0000797884469069   0.1456446341831396   0.4316135274240138   0.0012166443531713   0.0012166443531688    0.0166002648696421
0.0012535724690928   0.0169408706276710    0.0000839110659370   0.1471611776643653   0.4359910653424311   0.0012535724691008   0.0012535724690928    0.0169408706276710
0.0012911804556548   0.0172845975047566    0.0000881970001678   0.1486772467796982   0.4403634316199718   0.0012911804556683   0.0012911804556548    0.0172845975047566
0.0013294715181205   0.0176314319311504    0.0000926506715943   0.1501928390558293   0.4447305742461718   0.0013294715181393   0.0013294715181205    0.0176314319311503
0.0013684487538900   0.0179813602144230    0.0000972765585180   0.1517079521024965   0.4490924412690998   0.0013684487539138   0.0013684487538900    0.0179813602144230
0.0014081151520086   0.0183343685400050    0.0001020791948276   0.1532225836136910   0.4534489807959984   0.0014081151520370   0.0014081151520086    0.0183343685400050
0.0014484735926951   0.0186904429717323    0.0001070631692511   0.1547367313688760   0.4578001409939273   0.0014484735927274   0.0014484735926951    0.0186904429717323
0.0014895268468866   0.0190495694523958    0.0001122331245782   0.1562503932342180   0.4621458700904065   0.0014895268469221   0.0014895268468866    0.0190495694523958
0.0015312775758009   0.0194117338042971    0.0001175937568541   0.1577635671638318   0.4664861163740627   0.0015312775758389   0.0015312775758009    0.0194117338042972
0.0015737283305168   0.0197769217298077    0.0001231498145445   0.1592762512010384   0.4708208281952750   0.0015737283305564   0.0015737283305168    0.0197769217298078
0.0016168815515708   0.0201451188119337    0.0001289060976720   0.1607884434796366   0.4751499539668246   0.0016168815516110   0.0016168815515708    0.0201451188119337
0.0016607395685717   0.0205163105148845    0.0001348674569250   0.1623001422251880   0.4794734421645431   0.0016607395686116   0.0016607395685717    0.0205163105148846
0.0017053045998329   0.0208904821846475    0.0001410387927372   0.1638113457563174   0.4837912413279645   0.0017053045998717   0.0017053045998329    0.0208904821846475
0.0017505787520222   0.0212676190495657    0.0001474250543410   0.1653220524860254   0.4881033000609775   0.0017505787520588   0.0017505787520222    0.0212676190495658
0.0017965640198288   0.0216477062209215    0.0001540312387919   0.1668322609230178   0.4924095670324798   0.0017965640198624   0.0017965640198288    0.0216477062209216
0.0018432622856486   0.0220307286935242    0.0001608623899670   0.1683419696730482   0.4967099909770344   0.0018432622856785   0.0018432622856486    0.0220307286935242
0.0018906753192868   0.0224166713463024    0.0001679235975354   0.1698511774402768   0.5010045206955264   0.0018906753193122   0.0018906753192868    0.0224166713463024
0.0019388047776785   0.0228055189429010    0.0001752199959029   0.1713598830286442   0.5052931050558217   0.0019388047776988   0.0019388047776785    0.0228055189429010
0.0019876522046270   0.0231972561322827    0.0001827567631300   0.1728680853432604   0.5095756929934292   0.0019876522046418   0.0019876522046270    0.0231972561322827
0.0020372190305601   0.0235918674493340    0.0001905391198236   0.1743757833918111   0.5138522335121621   0.0020372190305691   0.0020372190305601    0.0235918674493340
0.0020875065723041   0.0239893373154759    0.0001985723280036   0.1758829762859789   0.5181226756848021   0.0020875065723071   0.0020875065723041    0.0239893373154759
0.0021385160328760   0.0243896500392785    0.0002068616899437   0.1773896632428821   0.5223869686537662   0.0021385160328730   0.0021385160328760    0.0243896500392785
0.0021902485012933   0.0247927898170811    0.0002154125469873   0.1788958435865293   0.5266450616317737   0.0021902485012845   0.0021902485012933    0.0247927898170810
0.0022427049524024   0.0251987407336154    0.0002242302783388   0.1804015167492928   0.5308969039025163   0.0022427049523879   0.0022427049524024    0.0251987407336153
0.0022958862467242   0.0256074867626343    0.0002333202998307   0.1819066822733976   0.5351424448213299   0.0022958862467046   0.0022958862467242    0.0256074867626342
0.0023497931303186   0.0260190117675446    0.0002426880626664   0.1834113398124301   0.5393816338158676   0.0023497931302944   0.0023497931303186    0.0260190117675445
0.0024044262346665   0.0264332995020436    0.0002523390521398   0.1849154891328633   0.5436144203867753   0.0024044262346384   0.0024044262346665    0.0264332995020435
0.0024597860765701   0.0268503336107610    0.0002622787863316   0.1864191301156017   0.5478407541083696   0.0024597860765389   0.0024597860765701    0.0268503336107609
0.0025158730580715   0.0272700976299043    0.0002725128147830   0.1879222627575447   0.5520605846293168   0.0025158730580380   0.0025158730580715    0.0272700976299042
0.0025726874663887   0.0276925749879087    0.0002830467171469   0.1894248871731685   0.5562738616733148   0.0025726874663538   0.0025726874663887    0.0276925749879086
0.0026302294738709   0.0281177490060915    0.0002938861018168   0.1909270035961288   0.5604805350397764   0.0026302294738354   0.0026302294738709    0.0281177490060914
0.0026884991379707   0.0285456028993105    0.0003050366045352   0.1924286123808823   0.5646805546045152   0.0026884991379355   0.0026884991379707    0.0285456028993105
0.0027474964012354   0.0289761197766267    0.0003165038869800   0.1939297140043290   0.5688738703204336   0.0027474964012014   0.0027474964012354    0.0289761197766266
0.0028072210913159   0.0294092826419708    0.0003282936353303   0.1954303090674750   0.5730604322182131   0.0028072210912841   0.0028072210913159    0.0294092826419707
0.0028676729209942   0.0298450743948146    0.0003404115588127   0.1969303982971165   0.5772401904070061   0.0028676729209651   0.0028676729209942    0.0298450743948146
0.0029288514882282   0.0302834778308459    0.0003528633882273   0.1984299825475446   0.5814130950751311   0.0029288514882025   0.0029288514882282    0.0302834778308459
0.0029907562762158   0.0307244756426478    0.0003656548744544   0.1999290628022730   0.5855790964907688   0.0029907562761939   0.0029907562762158    0.0307244756426478
0.0030533866534759   0.0311680504203816    0.0003787917869427   0.2014276401757865   0.5897381450026619   0.0030533866534583   0.0030533866534759    0.0311680504203817
0.0031167418739488   0.0316141846524748    0.0003922799121791   0.2029257159153138   0.5938901910408165   0.0031167418739357   0.0031167418739488    0.0316141846524749
0.0031808210771134   0.0320628607263118    0.0004061250521407   0.2044232914026213   0.5980351851172057   0.0031808210771048   0.0031808210771134    0.0320628607263118
0.0032456232881234   0.0325140609289294    0.0004203330227291   0.2059203681558325   0.6021730778264763   0.0032456232881194   0.0032456232881234    0.0325140609289294
0.0033111474179614   0.0329677674477161    0.0004349096521883   0.2074169478312698   0.6063038198466569   0.0033111474179615   0.0033111474179614    0.0329677674477162
0.0033773922636102   0.0334239623711156    0.0004498607795065   0.2089130322253211   0.6104273619398702   0.0033773922636142   0.0033773922636102    0.0334239623711156
0.0034443565082436   0.0338826276893333    0.0004651922528010   0.2104086232763314   0.6145436549530456   0.0034443565082510   0.0034443565082436    0.0338826276893333
0.0035120387214338   0.0343437452950478    0.0004809099276890   0.2119037230665196   0.6186526498186367   0.0035120387214439   0.0035120387214338    0.0343437452950479
0.0035804373593776   0.0348072969841257    0.0004970196656431   0.2133983338239207   0.6227542975553383   0.0035804373593896   0.0035804373593776    0.0348072969841258
0.0036495507651397   0.0352732644563400    0.0005135273323326   0.2148924579243545   0.6268485492688111   0.0036495507651529   0.0036495507651397    0.0352732644563401
0.0037193771689151   0.0357416293160927    0.0005304387959508   0.2163860978934215   0.6309353561524030   0.0037193771689285   0.0037193771689151    0.0357416293160928
0.0037899146883077   0.0362123730731412    0.0005477599255301   0.2178792564085247   0.6350146694878777   0.0037899146883204   0.0037899146883077    0.0362123730731412
0.0038611613286284   0.0366854771433279    0.0005654965892431   0.2193719363009206   0.6390864406461438   0.0038611613286396   0.0038611613286284    0.0366854771433279
0.0039331149832095   0.0371609228493142    0.0005836546526931   0.2208641405577976   0.6431506210879886   0.0039331149832182   0.0039331149832095    0.0371609228493143
0.0040057734337375   0.0376386914213179    0.0006022399771920   0.2223558723243831   0.6472071623648121   0.0040057734337429   0.0040057734337375    0.0376386914213179
0.0040791343506035   0.0381187639978537    0.0006212584180277   0.2238471349060808   0.6512560161193666   0.0040791343506049   0.0040791343506035    0.0381187639978536
0.0041531952932711   0.0386011216264782    0.0006407158227211   0.2253379317706367   0.6552971340864977   0.0041531952932679   0.0041531952932711    0.0386011216264782
0.0042279537106616   0.0390857452645384    0.0006606180292738   0.2268282665503366   0.6593304680938891   0.0042279537106533   0.0042279537106616    0.0390857452645383
0.0043034069415570   0.0395726157799227    0.0006809708644055   0.2283181430442340   0.6633559700628101   0.0043034069415432   0.0043034069415570    0.0395726157799226
0.0043795522150202   0.0400617139518168    0.0007017801417837   0.2298075652204097   0.6673735920088664   0.0043795522150008   0.0043795522150202    0.0400617139518167
0.0044563866508327   0.0405530204714624    0.0007230516602450   0.2312965372182640   0.6713832860427543   0.0044563866508076   0.0044563866508327    0.0405530204714623
0.0045339072599489   0.0410465159429194    0.0007447912020091   0.2327850633508416   0.6753850043710178   0.0045339072599183   0.0045339072599489    0.0410465159429193
0.0046121109449689   0.0415421808838315    0.0007670045308859   0.2342731481071892   0.6793786992968091   0.0046121109449331   0.0046121109449689    0.0415421808838314
0.0046909945006268   0.0420399957261956    0.0007896973904760   0.2357607961547487   0.6833643232206533   0.0046909945005865   0.0046909945006268    0.0420399957261955
0.0047705546142977   0.0425399408171340    0.0008128755023661   0.2372480123417837   0.6873418286412152   0.0047705546142534   0.0047705546142977    0.0425399408171340
0.0048507878665199   0.0430419964196708    0.0008365445643188   0.2387348016998426   0.6913111681560707   0.0048507878664724   0.0048507878665199    0.0430419964196707
0.0049316907315356   0.0435461427135102    0.0008607102484585   0.2402211694462572   0.6952722944624815   0.0049316907314860   0.0049316907315356    0.0435461427135102
0.0050132595778473   0.0440523597958200    0.0008853781994528   0.2417071209866778   0.6992251603581726   0.0050132595777965   0.0050132595778473    0.0440523597958199
0.0050954906687913   0.0445606276820163    0.0009105540326914   0.2431926619176471   0.7031697187421150   0.0050954906687405   0.0050954906687913    0.0445606276820163
0.0051783801631279   0.0450709263065535    0.0009362433324616   0.2446777980292108   0.7071059226153110   0.0051783801630782   0.0051783801631279    0.0450709263065535
0.0052619241156476   0.0455832355237156    0.0009624516501221   0.2461625353075685   0.7110337250815837   0.0052619241156003   0.0052619241156476    0.0455832355237156
0.0053461184777948   0.0460975351084118    0.0009891845022759   0.2476468799377638   0.7149530793483707   0.0053461184777509   0.0053461184777948    0.0460975351084119
0.0054309590983063   0.0466138047569753    0.0010164473689413   0.2491308383064147   0.7188639387275205   0.0054309590982670   0.0054309590983063    0.0466138047569754
0.0055164417238674   0.0471320240879643    0.0010442456917237   0.2506144170044862   0.7227662566360947   0.0055164417238336   0.0055164417238674    0.0471320240879644
0.0056025619997834   0.0476521726429669    0.0010725848719878   0.2520976228301037   0.7266599865971726   0.0056025619997559   0.0056025619997834    0.0476521726429670
0.0056893154706669   0.0481742298874088    0.0011014702690297   0.2535804627914116   0.7305450822406608   0.0056893154706466   0.0056893154706669    0.0481742298874089
0.0057766975811421   0.0486981752113639    0.0011309071982523   0.2550629441094728   0.7344214973041073   0.0057766975811295   0.0057766975811421    0.0486981752113640
0.0058647036765635   0.0492239879303680    0.0011609009293420   0.2565450742212160   0.7382891856335183   0.0058647036765588   0.0058647036765635    0.0492239879303681
0.0059533290037511   0.0497516472862352    0.0011914566844482   0.2580268607824256   0.7421481011841803   0.0059533290037546   0.0059533290037511    0.0497516472862353
0.0060425687117412   0.0502811324478778    0.0012225796363670   0.2595083116707812   0.7459981980214880   0.0060425687117527   0.0060425687117412    0.0502811324478778
0.0061324178525520   0.0508124225121280    0.0012542749067286   0.2609894349889417   0.7498394303217731   0.0061324178525712   0.0061324178525520    0.0508124225121281
0.0062228713819655   0.0513454965045640    0.0012865475641898   0.2624702390676794   0.7536717523731405   0.0062228713819919   0.0062228713819655    0.0513454965045640
0.0063139241603235   0.0518803333803372    0.0013194026226310   0.2639507324690635   0.7574951185763084   0.0063139241603563   0.0063139241603235    0.0518803333803372
0.0064055709533395   0.0524169120250035    0.0013528450393606   0.2654309239896929   0.7613094834454516   0.0064055709533778   0.0064055709533395    0.0524169120250035
0.0064978064329252   0.0529552112553569    0.0013868797133247   0.2669108226639816   0.7651148016090523   0.0064978064329679   0.0064978064329252    0.0529552112553569
0.0065906251780319   0.0534952098202655    0.0014215114833248   0.2683904377674955   0.7689110278107518   0.0065906251780779   0.0065906251780319    0.0534952098202655
0.0066840216755066   0.0540368864015105    0.0014567451262430   0.2698697788203428   0.7726981169102105   0.0066840216755543   0.0066840216755066    0.0540368864015104
0.0067779903209623   0.0545802196146280    0.0014925853552760   0.2713488555906199   0.7764760238839710   0.0067779903210104   0.0067779903209623    0.0545802196146279
0.0068725254196632   0.0551251880097531    0.0015290368181774   0.2728276780979119   0.7802447038263269   0.0068725254197103   0.0068725254196632    0.0551251880097530
0.0069676211874243   0.0556717700724667    0.0015661040955107   0.2743062566168499   0.7840041119501950   0.0069676211874689   0.0069676211874243    0.0556717700724666
0.0070632717515240   0.0562199442246448    0.0016037916989114   0.2757846016807272   0.7877542035879957   0.0070632717515647   0.0070632717515240    0.0562199442246447
0.0071594711516323   0.0567696888253106    0.0016421040693612   0.2772627240851733   0.7914949341925351   0.0071594711516679   0.0071594711516323    0.0567696888253105
0.0072562133407515   0.0573209821714885    0.0016810455754723   0.2787406348918900   0.7952262593378961   0.0072562133407807   0.0072562133407515    0.0573209821714884
0.0073534921861710   0.0578738024990611    0.0017206205117848   0.2802183454324469   0.7989481347203307   0.0073534921861931   0.0073534921861710    0.0578738024990611
0.0074513014704364   0.0584281279836286    0.0017608330970764   0.2816958673121418   0.8026605161591609   0.0074513014704504   0.0074513014704364    0.0584281279836286
0.0075496348923305   0.0589839367413700    0.0018016874726851   0.2831732124139241   0.8063633595976857   0.0075496348923359   0.0075496348923305    0.0589839367413699
0.0076484860678687   0.0595412068299071    0.0018431877008458   0.2846503929023841   0.8100566211040899   0.0076484860678653   0.0076484860678687    0.0595412068299071
0.0077478485313074   0.0600999162491711    0.0018853377630416   0.2861274212278095   0.8137402568723623   0.0077478485312952   0.0077478485313074    0.0600999162491712
0.0078477157361643   0.0606600429422709    0.0019281415583694   0.2876043101303091   0.8174142232232184   0.0078477157361436   0.0078477157361643    0.0606600429422709
0.0079480810562530   0.0612215647963635    0.0019716029019216   0.2890810726440072   0.8210784766050299   0.0079480810562242   0.0079480810562530    0.0612215647963636
0.0080489377867286   0.0617844596435279    0.0020157255231838   0.2905577221013096   0.8247329735947585   0.0080489377866926   0.0080489377867286    0.0617844596435279
0.0081502791451470   0.0623487052616390    0.0020605130644487   0.2920342721372406   0.8283776708988974   0.0081502791451047   0.0081502791451470    0.0623487052616391
0.0082520982725356   0.0629142793752463    0.0021059690792475   0.2935107366938560   0.8320125253544184   0.0082520982724882   0.0082520982725356    0.0629142793752464
0.0083543882344766   0.0634811596564519    0.0021520970307993   0.2949871300247304   0.8356374939297266   0.0083543882344255   0.0083543882344766    0.0634811596564520
0.0084571420222020   0.0640493237257932    0.0021989002904784   0.2964634666995235   0.8392525337256197   0.0084571420221486   0.0084571420222020    0.0640493237257933
0.0085603525537003   0.0646187491531254    0.0022463821363002   0.2979397616086240   0.8428576019762549   0.0085603525536462   0.0085603525537003    0.0646187491531255
0.0086640126748347   0.0651894134585078    0.0022945457514273   0.2994160299678748   0.8464526560501223   0.0086640126747815   0.0086640126748347    0.0651894134585079
0.0087681151604734   0.0657612941130907    0.0023433942226946   0.3008922873233815   0.8500376534510261   0.0087681151604225   0.0087681151604734    0.0657612941130908
0.0088726527156297   0.0663343685400050    0.0023929305391554   0.3023685495564032   0.8536125518190699   0.0088726527155825   0.0088726527156297    0.0663343685400050
0.0089776179766146   0.0669086141152537    0.0024431575906478   0.3038448328883324   0.8571773089316536   0.0089776179765724   0.0089776179766146    0.0669086141152537
0.0090830035121993   0.0674840081686047    0.0024940781663832   0.3053211538857590   0.8607318827044717   0.0090830035121631   0.0090830035121993    0.0674840081686047
0.0091888018247887   0.0680605279844860    0.0025456949535566   0.3067975294656282   0.8642762311925238   0.0091888018247595   0.0091888018247887    0.0680605279844859
0.0092950053516058   0.0686381508028824    0.0025980105359786   0.3082739769004869   0.8678103125911295   0.0092950053515839   0.0092950053516058    0.0686381508028823
0.0094016064658850   0.0692168538202341    0.0026510273927311   0.3097505138238262   0.8713340852369517   0.0094016064658708   0.0094016064658850    0.0692168538202340
0.0095085974780776   0.0697966141903369    0.0027047478968460   0.3112271582355187   0.8748475076090275   0.0095085974780708   0.0095085974780776    0.0697966141903368
0.0096159706370650   0.0703774090252441    0.0027591743140081   0.3127039285073539   0.8783505383298058   0.0096159706370654   0.0096159706370650    0.0703774090252440
0.0097237181313836   0.0709592153961700    0.0028143088012817   0.3141808433886746   0.8818431361661936   0.0097237181313904   0.0097237181313836    0.0709592153961699
0.0098318320904576   0.0715420103343954    0.0028701534058626   0.3156579220121142   0.8853252600306096   0.0098318320904698   0.0098318320904576    0.0715420103343953
0.0099403045858424   0.0721257708321740    0.0029267100638547   0.3171351838994406   0.8887968689820462   0.0099403045858587   0.0099403045858424    0.0721257708321739
0.0100491276324762   0.0727104738436409    0.0029839805990731   0.3186126489675050   0.8922579222271376   0.0100491276324953   0.0100491276324762    0.0727104738436409
0.0101582931899412   0.0732960962857225    0.0030419667218724   0.3200903375343022   0.8957083791212397   0.0101582931899614   0.0101582931899412    0.0732960962857224
0.0102677931637331   0.0738826150390473    0.0031006700280017   0.3215682703251414   0.8991481991695134   0.0102677931637527   0.0102677931637331    0.0738826150390473
0.0103776194065395   0.0744700069488594    0.0031600919974873   0.3230464684789318   0.9025773420280213   0.0103776194065567   0.0103776194065395    0.0744700069488594
0.0104877637195261   0.0750582488259319    0.0032202339935419   0.3245249535545853   0.9059957675048287   0.0104877637195395   0.0104877637195261    0.0750582488259319
0.0105982178536318   0.0756473174474827    0.0032810972615014   0.3260037475375386   0.9094034355611151   0.0105982178536399   0.0105982178536318    0.0756473174474828
0.0107089735108713   0.0762371895580913    0.0033426829277908   0.3274828728463980   0.9128003063122951   0.0107089735108728   0.0107089735108713    0.0762371895580914
0.0108200223456450   0.0768278418706168    0.0034049919989175   0.3289623523397093   0.9161863400291457   0.0108200223456390   0.0108200223456450    0.0768278418706169
0.0109313559660573   0.0774192510671173    0.0034680253604944   0.3304422093228551   0.9195614971389451   0.0109313559660433   0.0109313559660573    0.0774192510671174
0.0110429659352418   0.0780113937997704    0.0035317837762913   0.3319224675550841   0.9229257382266195   0.0110429659352196   0.0110429659352418    0.0780113937997705
0.0111548437726931   0.0786042466917947    0.0035962678873167   0.3334031512566736   0.9262790240358999   0.0111548437726629   0.0111548437726931    0.0786042466917948
0.0112669809556065   0.0791977863383735    0.0036614782109292   0.3348842851162298   0.9296213154704861   0.0112669809555691   0.0112669809556065    0.0791977863383735
0.0113793689202237   0.0797919893075776    0.0037274151399789   0.3363658942981275   0.9329525735952255   0.0113793689201801   0.0113793689202237    0.0797919893075776
0.0114919990631850   0.0803868321412912    0.0037940789419797   0.3378480044500939   0.9362727596372946   0.0114919990631367   0.0114919990631850    0.0803868321412912
0.0116048627428878   0.0809822913561379    0.0038614697583124   0.3393306417109399   0.9395818349873971   0.0116048627428365   0.0116048627428878    0.0809822913561378
0.0117179512808516   0.0815783434444074    0.0039295876034591   0.3408138327184403   0.9428797612009694   0.0117179512807993   0.0117179512808516    0.0815783434444073
0.0118312559630879   0.0821749648749839    0.0039984323642688   0.3422976046173693   0.9461664999993961   0.0118312559630367   0.0118312559630879    0.0821749648749838
0.0119447680414767   0.0827721320942749    0.0040680037992548   0.3437819850676930   0.9494420132712363   0.0119447680414287   0.0119447680414767    0.0827721320942748
0.0120584787351476   0.0833698215271410    0.0041383015379245   0.3452670022529228   0.9527062630734630   0.0120584787351047   0.0120584787351476    0.0833698215271409
0.0121723792318668   0.0839680095778269    0.0042093250801411   0.3467526848886353   0.9559592116327114   0.0121723792318305   0.0121723792318668    0.0839680095778268
0.0122864606894281   0.0845666726308926    0.0042810737955180   0.3482390622311593   0.9592008213465385   0.0122864606893996   0.0122864606894281    0.0845666726308925
0.0124007142370496   0.0851657870521458    0.0043535469228459   0.3497261640864378   0.9624310547846943   0.0124007142370296   0.0124007142370496    0.0851657870521458
0.0125151309767745   0.0857653291895750    0.0044267435695528   0.3512140208190659   0.9656498746904064   0.0125151309767629   0.0125151309767745    0.0857653291895750
0.0126297019848759   0.0863652753742833    0.0045006627111978   0.3527026633615121   0.9688572439816744   0.0126297019848721   0.0126297019848759    0.0863652753742834
0.0127444183132662   0.0869656019214226    0.0045753031909974   0.3541921232235231   0.9720531257525757   0.0127444183132688   0.0127444183132662    0.0869656019214226
0.0128592709909102   0.0875662851311286    0.0046506637193863   0.3556824325017212   0.9752374832745848   0.0128592709909170   0.0128592709909102    0.0875662851311287
0.0129742510252412   0.0881673012894568    0.0047267428736115   0.3571736238893965   0.9784102799979046   0.0129742510252499   0.0129742510252412    0.0881673012894569
0.0130893494035817   0.0887686266693184    0.0048035390973605   0.3586657306864984   0.9815714795528071   0.0130893494035895   0.0130893494035817    0.0887686266693185
0.0132045570945663   0.0893702375314170    0.0048810507004235   0.3601587868098327   0.9847210457509895   0.0132045570945703   0.0132045570945663    0.0893702375314170
0.0133198650495678   0.0899721101251859    0.0049592758583906   0.3616528268034682   0.9878589425869382   0.0133198650495654   0.0133198650495678    0.0899721101251859
0.0134352642041261   0.0905742206897257    0.0050382126123820   0.3631478858493593   0.9909851342393081   0.0134352642041155   0.0134352642041261    0.0905742206897257
0.0135507454793796   0.0911765454547422    0.0051178588688146   0.3646439997781881   0.9940995850723091   0.0135507454793600   0.0135507454793796    0.0911765454547421
0.0136662997834992   0.0917790606414850    0.0051982123992018   0.3661412050804334   0.9972022596371048   0.0136662997834709   0.0136662997834992    0.0917790606414850
0.0137819180131233   0.0923817424636863    0.0052792708399884   0.3676395389176710   1.0002931226732239   0.0137819180130885   0.0137819180131233    0.0923817424636863
0.0138975910547959   0.0929845671284997    0.0053610316924214   0.3691390391341124   1.0033721391099744   0.0138975910547581   0.0138975910547959    0.0929845671284997
0.0140133097864055   0.0935875108374396    0.0054434923224539   0.3706397442683853   1.0064392740678727   0.0140133097863696   0.0140133097864055    0.0935875108374396
0.0141290650786258   0.0941905497873208    0.0055266499606860   0.3721416935655665   1.0094944928600782   0.0141290650785970   0.0141290650786258    0.0941905497873208
0.0142448477963569   0.0947936601711981    0.0056105017023392   0.3736449269894688   1.0125377609938311   0.0142448477963394   0.0142448477963569    0.0947936601711982
0.0143606488001683   0.0953968181793064    0.0056950445072670   0.3751494852351915   1.0155690441718992   0.0143606488001627   0.0143606488001683    0.0953968181793064
0.0144764589477418   0.0960000000000000    0.0057802752000000   0.3766554097419408   1.0185883082940288   0.0144764589477418   0.0144764589477418    0.0960000000000000
0.0145922690953152   0.0966031818206937    0.0058661904698268   0.3781627427061257   1.0215955194602653   0.0145922690952664   0.0145922690953152    0.0966031818206936
0.0147080700991266   0.0972063398288019    0.0059527868709092   0.3796715270947379   1.0245906439691144   0.0147080700992628   0.0147080700991266    0.0972063398288019
0.0148238528168577   0.0978094502126792    0.0060400608224339   0.3811818066590238   1.0275736483213136   0.0148238528170604   0.0148238528168577    0.0978094502126792
0.0149396081090780   0.0984124891625604    0.0061280086087980   0.3826936259484526   1.0305444992209563   0.0149396081091823   0.0149396081090780    0.0984124891625604
0.0150553268406877   0.0990154328715003    0.0062166263798307   0.3842070303249940   1.0335031635770371   0.0150553268406036   0.0150553268406877    0.0990154328715003
0.0151709998823603   0.0996182575363137    0.0063059101510498   0.3857220659777072   1.0364496085050272   0.0151709998820936   0.0151709998823603    0.0996182575363137
0.0152866181119844   0.1002209393585150    0.0063958558039530   0.3872387799376553   1.0393838013284720   0.0152866181116110   0.0152866181119844    0.1002209393585150
0.0154021724161039   0.1008234545452578    0.0064864590863448   0.3887572200931498   1.0423057095806110   0.0154021724157309   0.0154021724161039    0.1008234545452579
0.0155176536913575   0.1014257793102743    0.0065777156126980   0.3902774352053355   1.0452153010060172   0.0155176536910870   0.0155176536913575    0.1014257793102744
0.0156330528459158   0.1020278898748141    0.0066696208645499   0.3917994749241248   1.0481125435622554   0.0156330528458199   0.0156330528459158    0.1020278898748141
0.0157483608009172   0.1026297624685830    0.0067621701909341   0.3933233898044912   1.0509974054215583   0.0157483608010260   0.0157483608009172    0.1026297624685830
0.0158635684919018   0.1032313733306816    0.0068553588088457   0.3948492313231303   1.0538698549725192   0.0158635684922021   0.0158635684919018    0.1032313733306816
0.0159786668702424   0.1038326987105432    0.0069491818037424   0.3963770518955000   1.0567298608218028   0.0159786668706853   0.0159786668702424    0.1038326987105431
0.0160936469045734   0.1044337148688714    0.0070436341300794   0.3979069048932495   1.0595773917958735   0.0160936469050867   0.0160936469045734    0.1044337148688713
0.0162084995822173   0.1050343980785774    0.0071387106118782   0.3994388446620469   1.0624124169427402   0.0162084995827193   0.0162084995822173    0.1050343980785774
0.0163232159106076   0.1056347246257167    0.0072344059433307   0.4009729265398178   1.0652349055337191   0.0163232159110205   0.0163232159106076    0.1056347246257166
0.0164377869187090   0.1062346708104250    0.0073307146894359   0.4025092068754050   1.0680448270652139   0.0164377869189696   0.0164377869187090    0.1062346708104250
0.0165522036584339   0.1068342129478542    0.0074276312866717   0.4040477430476629   1.0708421512605162   0.0165522036585014   0.0165522036584339    0.1068342129478542
0.0166664572060555   0.1074333273691075    0.0075251500436996   0.4055885934849953   1.0736268480716216   0.0166664572059149   0.0166664572060555    0.1074333273691075
0.0167805386636168   0.1080319904221732    0.0076232651421029   0.4071318176853522   1.0763988876810675   0.0167805386632793   0.0167805386636168    0.1080319904221732
0.0168944391603359   0.1086301784728590    0.0077219706371584   0.4086774762366975   1.0791582405037894   0.0168944391598357   0.0168944391603359    0.1086301784728591
0.0170081498540069   0.1092278679057252    0.0078212604586411   0.4102256308379608   1.0819048771889979   0.0170081498533961   0.0170081498540069    0.1092278679057253
0.0171216619323957   0.1098250351250161    0.0079211284116611   0.4117763443204851   1.0846387686220724   0.0171216619317379   0.0171216619323957    0.1098250351250162
0.0172349666146320   0.1104216565555926    0.0080215681775343   0.4133296806699890   1.0873598859264826   0.0172349666139951   0.0172349666146320    0.1104216565555927
0.0173480551525957   0.1110177086438621    0.0081225733146839   0.4148857050490535   1.0900682004657223   0.0173480551520448   0.0173480551525957    0.1110177086438622
0.0174609188322985   0.1116131678587088    0.0082241372595754   0.4164444838201511   1.0927636838452710   0.0174609188318899   0.0174609188322985    0.1116131678587088
0.0175735489752598   0.1122080106924225    0.0083262533276818   0.4180060845692322   1.0954463079145742   0.0175735489750361   0.0175735489752598    0.1122080106924225
0.0176859369398770   0.1128022136616266    0.0084289147144822   0.4195705761298844   1.0981160447690463   0.0176859369398639   0.0176859369398770    0.1128022136616265
0.0177980741227905   0.1133957533082053    0.0085321144964898   0.4211380286080824   1.1007728667520937   0.0177980741229952   0.0177980741227905    0.1133957533082052
0.0179099519602418   0.1139886062002296    0.0086358456323117   0.4227085134075448   1.1034167464571638   0.0179099519606531   0.0179099519602418    0.1139886062002296
0.0180215619294262   0.1145807489328827    0.0087401009637398   0.4242821032557161   1.1060476567298134   0.0180215619300159   0.0180215619294262    0.1145807489328826
0.0181328955498385   0.1151721581293832    0.0088448732168702   0.4258588722303928   1.1086655706698023   0.0181328955505643   0.0181328955498385    0.1151721581293831
0.0182439443846122   0.1157628104419087    0.0089501550032549   0.4274388957870113   1.1112704616332076   0.0182439443854213   0.0182439443846122    0.1157628104419086
0.0183547000418517   0.1163526825525173    0.0090559388210809   0.4290222507866189   1.1138623032345640   0.0183547000426850   0.0183547000418517    0.1163526825525173
0.0184651541759575   0.1169417511740681    0.0091622170563802   0.4306090155245473   1.1164410693490268   0.0184651541767543   0.0184651541759575    0.1169417511740681
0.0185752984889441   0.1175299930511406    0.0092689819842674   0.4321992697598104   1.1190067341145582   0.0185752984896464   0.0185752984889441    0.1175299930511406
0.0186851247317504   0.1181173849609527    0.0093762257702069   0.4337930947452473   1.1215592719341392   0.0186851247323067   0.0186851247317504    0.1181173849609527
0.0187946247055423   0.1187039037142775    0.0094839404713075   0.4353905732584345   1.1240986574780067   0.0187946247059112   0.0187946247055423    0.1187039037142776
0.0189037902630073   0.1192895261563591    0.0095921180376450   0.4369917896333899   1.1266248656859135   0.0189037902631598   0.0189037902630073    0.1192895261563591
0.0190126133096412   0.1198742291678260    0.0097007503136122   0.4385968297930923   1.1291378717694163   0.0190126133095625   0.0190126133096412    0.1198742291678261
0.0191210858050259   0.1204579896656046    0.0098098290392956   0.4402057812828430   1.1316376512141877   0.0191210858047162   0.0191210858050259    0.1204579896656047
0.0192291997641000   0.1210407846038300    0.0099193458518789   0.4418187333044949   1.1341241797823551   0.0192291997635737   0.0192291997641000    0.1210407846038301
0.0193369472584185   0.1216225909747559    0.0100292922870724   0.4434357767515749   1.1365974335148676   0.0193369472577037   0.0193369472584185    0.1216225909747561
0.0194443204174060   0.1222033858096632    0.0101396597805684   0.4450570042453295   1.1390573887338864   0.0194443204165420   0.0194443204174060    0.1222033858096632
0.0195513114295985   0.1227831461797659    0.0102504396695209   0.4466825101717217   1.1415040220452071   0.0195513114286338   0.0195513114295985    0.1227831461797660
0.0196579125438778   0.1233618491971176    0.0103616231940515   0.4483123907194087   1.1439373103407062   0.0196579125428666   0.0196579125438778    0.1233618491971177
0.0197641160706948   0.1239394720155140    0.0104732014987784   0.4499467439187325   1.1463572308008179   0.0197641160696945   0.0197641160706948    0.1239394720155141
0.0198699143832843   0.1245159918313953    0.0105851656343694   0.4515856696817542   1.1487637608970389   0.0198699143823515   0.0198699143832843    0.1245159918313954
0.0199752999188690   0.1250913858847463    0.0106975065591193   0.4532292698433684   1.1511568783944628   0.0199752999180570   0.0199752999188690    0.1250913858847463
0.0200802651798538   0.1256656314599950    0.0108102151405487   0.4548776482035283   1.1535365613543433   0.0200802651792095   0.0200802651798538    0.1256656314599950
0.0201848027350101   0.1262387058869093    0.0109232821570264   0.4565309105706214   1.1559027881366879   0.0201848027345714   0.0201848027350101    0.1262387058869093
0.0202889052206488   0.1268105865414922    0.0110366982994130   0.4581891648060309   1.1582555374028820   0.0202889052204430   0.0202889052206488    0.1268105865414921
0.0203925653417833   0.1273812508468746    0.0111504541727261   0.4598525208699216   1.1605947881183440   0.0203925653418256   0.0203925653417833    0.1273812508468745
0.0204957758732815   0.1279506762742069    0.0112645402978268   0.4615210908682925   1.1629205195552110   0.0204957758735745   0.0204957758732815    0.1279506762742068
0.0205985296610069   0.1285188403435481    0.0113789471131256   0.4631949891013352   1.1652327112950562   0.0205985296615403   0.0205985296610069    0.1285188403435480
0.0207008196229479   0.1290857206247537    0.0114936649763092   0.4648743321131443   1.1675313432316403   0.0207008196236995   0.0207008196229479    0.1290857206247537
0.0208026387503365   0.1296512947383610    0.0116086841660862   0.4665592387428225   1.1698163955736924   0.0208026387512731   0.0208026387503365    0.1296512947383609
0.0209039801087549   0.1302155403564722    0.0117239948839511   0.4682498301770284   1.1720878488477258   0.0209039801098341   0.0209039801087549    0.1302155403564721
0.0210048368392305   0.1307784352036365    0.0118395872559676   0.4699462300040158   1.1743456839008870   0.0210048368404029   0.0210048368392305    0.1307784352036364
0.0211052021593192   0.1313399570577291    0.0119554513345684   0.4716485642692158   1.1765898819038392   0.0211052021605305   0.0211052021593192    0.1313399570577291
0.0212050693641762   0.1319000837508289    0.0120715771003732   0.4733569615324105   1.1788204243536766   0.0212050693653701   0.0212050693641762    0.1319000837508288
0.0213044318276148   0.1324587931700929    0.0121879544640226   0.4750715529265599   1.1810372930768798   0.0213044318287355   0.0213044318276148    0.1324587931700929
0.0214032830031531   0.1330160632586301    0.0123045732680283   0.4767924722183308   1.1832404702322994   0.0214032830041477   0.0214032830031531    0.1330160632586301
0.0215016164250471   0.1335718720163714    0.0124214232886387   0.4785198558703940   1.1854299383141802   0.0215016164258682   0.0215016164250471    0.1335718720163714
0.0215994257093125   0.1341261975009389    0.0125384942377192   0.4802538431055460   1.1876056801552202   0.0215994257099201   0.0215994257093125    0.1341261975009390
0.0216967045547321   0.1346790178285115    0.0126557757646473   0.4819945759727229   1.1897676789296645   0.0216967045550956   0.0216967045547321    0.1346790178285116
0.0217934467438512   0.1352303111746894    0.0127732574582207   0.4837421994149705   1.1919159181564394   0.0217934467439505   0.0217934467438512    0.1352303111746895
0.0218896461439595   0.1357800557753552    0.0128909288485793   0.4854968613394425   1.1940503817023220   0.0218896461437859   0.0218896461439595    0.1357800557753553
0.0219852967080592   0.1363282299275333    0.0130087794091388   0.4872587126894958   1.1961710537851478   0.0219852967076159   0.0219852967080592    0.1363282299275334
0.0220803924758203   0.1368748119902469    0.0131267985585374   0.4890279075189625   1.1982779189770585   0.0220803924751219   0.0220803924758203    0.1368748119902470
0.0221749275745213   0.1374197803853720    0.0132449756625930   0.4908046030686713   1.2003709622077885   0.0221749275735934   0.0221749275745213    0.1374197803853721
0.0222688962199769   0.1379631135984895    0.0133633000362710   0.4925889598453064   1.2024501687679903   0.0222688962188552   0.0222688962199769    0.1379631135984896
0.0223622927174516   0.1385047901797345    0.0134817609456631   0.4943811417026840   1.2045155243126018   0.0223622927161799   0.0223622927174516    0.1385047901797346
0.0224551114625583   0.1390447887446431    0.0136003476099751   0.4961813159255364   1.2065670148642524   0.0224551114611872   0.0224551114625583    0.1390447887446431
0.0225473469421441   0.1395830879749965    0.0137190492035234   0.4979896533158986   1.2086046268167148   0.0225473469407285   0.0225473469421441    0.1395830879749965
0.0226389937351601   0.1401196666196629    0.0138378548577400   0.4998063282821897   1.2106283469383921   0.0226389937337574   0.0226389937351601    0.1401196666196628
0.0227300465135180   0.1406545034954360    0.0139567536631858   0.5016315189310939   1.2126381623758551   0.0227300465121856   0.0227300465135180    0.1406545034954360
0.0228205000429315   0.1411875774878720    0.0140757346715698   0.5034654071623433   1.2146340606574180   0.0228205000417242   0.0228205000429315    0.1411875774878719
0.0229103491837424   0.1417188675521222    0.0141947868977756   0.5053081787665128   1.2166160296967603   0.0229103491827108   0.0229103491837424    0.1417188675521222
0.0229995888917324   0.1422483527137648    0.0143138993218935   0.5071600235259427   1.2185840577965918   0.0229995888909205   0.0229995888917324    0.1422483527137647
0.0230882142189200   0.1427760120696320    0.0144330608912580   0.5090211353189065   1.2205381336523651   0.0230882142183636   0.0230882142189200    0.1427760120696319
0.0231762203143414   0.1433018247886361    0.0145522605224893   0.5108917122271499   1.2224782463560306   0.0231762203140665   0.0231762203143414    0.1433018247886360
0.0232636024248166   0.1438257701125912    0.0146714871035393   0.5127719566469330   1.2244043853998423   0.0232636024248388   0.0232636024248166    0.1438257701125911
0.0233503558957002   0.1443478273570331    0.0147907294957411   0.5146620754037065   1.2263165406802068   0.0233503558960236   0.0233503558957002    0.1443478273570330
0.0234364761716161   0.1448679759120357    0.0149099765358602   0.5165622798705711   1.2282147025015826   0.0234364761722333   0.0234364761716161    0.1448679759120357
0.0235219587971772   0.1453861952430247    0.0150292170381491   0.5184727860906652   1.2300988615804278   0.0235219587980697   0.0235219587971772    0.1453861952430246
0.0236067994176887   0.1459024648915882    0.0151484397964022   0.5203938149036361   1.2319690090491948   0.0236067994188272   0.0236067994176887    0.1459024648915881
0.0236909937798359   0.1464167644762844    0.0152676335860125   0.5223255920763601   1.2338251364603778   0.0236909937811814   0.0236909937798359    0.1464167644762844
0.0237745377323557   0.1469290736934465    0.0153867871660276   0.5242683484380800   1.2356672357906087   0.0237745377338613   0.0237745377323557    0.1469290736934465
0.0238574272266922   0.1474393723179837    0.0155058892812058   0.5262223200201391   1.2374952994448061   0.0238574272283044   0.0238574272266922    0.1474393723179837
0.0239396583176362   0.1479476402041800    0.0156249286640711   0.5281877482005001   1.2393093202603735   0.0239396583192968   0.0239396583176362    0.1479476402041801
0.0240212271639479   0.1484538572864898    0.0157438940369665   0.5301648798532395   1.2411092915114528   0.0240212271655963   0.0240212271639479    0.1484538572864898
0.0241021300289636   0.1489580035803292    0.0158627741141047   0.5321539675032303   1.2428952069132300   0.0241021300305388   0.0241021300289636    0.1489580035803293
0.0241823632811859   0.1494600591828660    0.0159815576036163   0.5341552694862205   1.2446670606262948   0.0241823632826289   0.0241823632811859    0.1494600591828661
0.0242619233948567   0.1499600042738045    0.0161002332095942   0.5361690501145371   1.2464248472610551   0.0242619233961126   0.0242619233948567    0.1499600042738046
0.0243408069505147   0.1504578191161686    0.0162187896341336   0.5381955798486492   1.2481685618822076   0.0243408069515345   0.0243408069505147    0.1504578191161687
0.0244190106355346   0.1509534840570806    0.0163372155793682   0.5402351354748400   1.2498982000132643   0.0244190106362772   0.0244190106355346    0.1509534840570807
0.0244965312446509   0.1514469795285376    0.0164554997494996   0.5422880002892455   1.2516137576411359   0.0244965312450844   0.0244965312446509    0.1514469795285377
0.0245733656804633   0.1519382860481832    0.0165736308528214   0.5443544642885338   1.2533152312207740   0.0245733656805665   0.0245733656804633    0.1519382860481833
0.0246495109539265   0.1524273842200774    0.0166915976037374   0.5464348243675115   1.2550026176798699   0.0246495109536895   0.0246495109539265    0.1524273842200774
0.0247249641848220   0.1529142547354616    0.0168093887247707   0.5485293845239548   1.2566759144236164   0.0247249641842467   0.0247249641848220    0.1529142547354617
0.0247997226022125   0.1533988783735218    0.0169269929485671   0.5506384560709886   1.2583351193395260   0.0247997226013126   0.0247997226022125    0.1533988783735218
0.0248737835448801   0.1538812360021464    0.0170443990198883   0.5527623578573347   1.2599802308023149   0.0248737835436809   0.0248737835448801    0.1538812360021464
0.0249471444617461   0.1543613085786821    0.0171615956975973   0.5549014164957883   1.2616112476788444   0.0249471444602837   0.0249471444617461    0.1543613085786821
0.0250198029122740   0.1548390771506858    0.0172785717566334   0.5570559666002824   1.2632281693331293   0.0250198029105940   0.0250198029122740    0.1548390771506858
0.0250917565668551   0.1553145228566722    0.0173953159899774   0.5592263510319313   1.2648309956314083   0.0250917565650112   0.0250917565668551    0.1553145228566721
0.0251630032071758   0.1557876269268589    0.0175118172106057   0.5614129211544543   1.2664197269472799   0.0251630032052281   0.0251630032071758    0.1557876269268588
0.0252335407265684   0.1562583706839073    0.0176280642534333   0.5636160370994125   1.2679943641669043   0.0252335407245815   0.0252335407265684    0.1562583706839072
0.0253033671303438   0.1567267355436600    0.0177440459772446   0.5658360680417036   1.2695549086942726   0.0253033671283843   0.0253033671303438    0.1567267355436600
0.0253724805361059   0.1571927030158743    0.0178597512666120   0.5680733924857926   1.2711013624565441   0.0253724805342409   0.0253724805361059    0.1571927030158742
0.0254408791740497   0.1576562547049522    0.0179751690338009   0.5703283985631774   1.2726337279094520   0.0254408791723436   0.0254408791740497    0.1576562547049521
0.0255085613872399   0.1581173723106667    0.0180902882206614   0.5726014843416155   1.2741520080427793   0.0255085613857529   0.0255085613872399    0.1581173723106667
0.0255755256318734   0.1585760376288844    0.0182050978005056   0.5748930581466668   1.2756562063859078   0.0255755256306592   0.0255755256318734    0.1585760376288844
0.0256417704775222   0.1590322325522839    0.0183195867799703   0.5772035388961413   1.2771463270134364   0.0256417704766261   0.0256417704775222    0.1590322325522839
0.0257072946073601   0.1594859390710707    0.0184337442008644   0.5795333564480669   1.2786223745508762   0.0257072946068174   0.0257072946073601    0.1594859390710706
0.0257720968183701   0.1599371392736882    0.0185475591419999   0.5818829519628329   1.2800843541804181   0.0257720968182049   0.0257720968183701    0.1599371392736882
0.0258361760215347   0.1603858153475252    0.0186610207210076   0.5842527782801985   1.2815322716467761   0.0258361760217587   0.0258361760215347    0.1603858153475251
0.0258995312420076   0.1608319495796184    0.0187741180961343   0.5866433003118946   1.2829661332631110   0.0258995312426198   0.0258995312420076    0.1608319495796184
0.0259621616192678   0.1612755243573523    0.0188868404680243   0.5890549954505909   1.2843859459170277   0.0259621616202542   0.0259621616192678    0.1612755243573523
0.0260240664072553   0.1617165221691541    0.0189991770814817   0.5914883539960417   1.2857917170766557   0.0260240664085894   0.0260240664072553    0.1617165221691541
0.0260852449744893   0.1621549256051855    0.0191111172272146   0.5939438795992733   1.2871834547968097   0.0260852449761324   0.0260852449744893    0.1621549256051855
0.0261456968041676   0.1625907173580293    0.0192226502435604   0.5964220897257261   1.2885611677252313   0.0261456968060704   0.0261456968041676    0.1625907173580293
0.0262054214942482   0.1630238802233734    0.0193337655181917   0.5989235161383170   1.2899248651089155   0.0262054214963518   0.0262054214942482    0.1630238802233734
0.0262644187575129   0.1634543971006895    0.0194444524898022   0.6014487054014455   1.2912745568005219   0.0262644187597508   0.0262644187575129    0.1634543971006895
0.0263226884216127   0.1638822509939085    0.0195547006497717   0.6039982194070318   1.2926102532648727   0.0263226884239130   0.0263226884216126    0.1638822509939085
0.0263802304290948   0.1643074250120913    0.0196644995438113   0.6065726359237293   1.2939319655855370   0.0263802304313822   0.0263802304290948    0.1643074250120914
0.0264370448374120   0.1647299023700957    0.0197738387735857   0.6091725491705425   1.2952397054715068   0.0264370448396104   0.0264370448374120    0.1647299023700958
0.0264931318189134   0.1651496663892390    0.0198827079983152   0.6117985704161363   1.2965334852639609   0.0264931318209481   0.0264931318189134    0.1651496663892391
0.0265484916608171   0.1655667004979564    0.0199910969363546   0.6144513286052188   1.2978133179431259   0.0265484916626176   0.0265484916608171    0.1655667004979565
0.0266031247651650   0.1659809882324555    0.0200989953667494   0.6171314710134538   1.2990792171352250   0.0266031247666672   0.0266031247651650    0.1659809882324555
0.0266570316487594   0.1663925132373657    0.0202063931307690   0.6198396639324567   1.3003311971195279   0.0266570316499078   0.0266570316487594    0.1663925132373658
0.0267102129430812   0.1668012592663847    0.0203132801334163   0.6225765933865288   1.3015692728354964   0.0267102129438308   0.0267102129430812    0.1668012592663847
0.0267626693941902   0.1672072101829190    0.0204196463449137   0.6253429658828822   1.3027934598900288   0.0267626693945084   0.0267626693941902    0.1672072101829190
0.0268144018626076   0.1676103499607215    0.0205254818021639   0.6281395091972269   1.3040037745648048   0.0268144018624750   0.0268144018626076    0.1676103499607215
0.0268654113231794   0.1680106626845241    0.0206307766101866   0.6309669731967139   1.3052002338237361   0.0268654113225912   0.0268654113231794    0.1680106626845241
0.0269156988649235   0.1684081325506660    0.0207355209435298   0.6338261307023532   1.3063828553205203   0.0269156988638894   0.0269156988649235    0.1684081325506660
0.0269652656908566   0.1688027438677173    0.0208397050476558   0.6367177783931731   1.3075516574063011   0.0269652656894012   0.0269652656908566    0.1688027438677173
0.0270141131178051   0.1691944810570991    0.0209433192403003   0.6396427377545314   1.3087066591374408   0.0270141131159673   0.0270141131178051    0.1691944810570990
0.0270622425761968   0.1695833286536977    0.0210463539128069   0.6426018560731601   1.3098478802834013   0.0270622425740286   0.0270622425761968    0.1695833286536976
0.0271096556098350   0.1699692713064758    0.0211487995314334   0.6455960074816902   1.3109753413347403   0.0271096556074002   0.0271096556098350    0.1699692713064758
0.0271563538756547   0.1703522937790785    0.0212506466386319   0.6486260940555993   1.3120890635112255   0.0271563538730272   0.0271563538756547    0.1703522937790784
0.0272023391434613   0.1707323809504343    0.0213518858543018   0.6516930469657308   1.3131890687700645   0.0272023391407226   0.0272023391434613    0.1707323809504342
0.0272476132956506   0.1711095178153525    0.0214525078770144   0.6547978276897400   1.3142753798142595   0.0272476132928876   0.0272476132956506    0.1711095178153524
0.0272921783269118   0.1714836894851155    0.0215525034852101   0.6579414292860795   1.3153480201010841   0.0272921783242140   0.0272921783269118    0.1714836894851154
0.0273360363439127   0.1718548811880664    0.0216518635383675   0.6611248777343709   1.3164070138506885   0.0273360363413693   0.0273360363439127    0.1718548811880663
0.0273791895649667   0.1722230782701923    0.0217505789781438   0.6643492333463106   1.3174523860548344   0.0273791895626637   0.0273791895649667    0.1722230782701922
0.0274216403196826   0.1725882661957029    0.0218486408294861   0.6676155922515332   1.3184841624857639   0.0274216403177000   0.0274216403196826    0.1725882661957028
0.0274633910485970   0.1729504305476042    0.0219460402017138   0.6709250879632063   1.3195023697052044   0.0274633910470061   0.0274633910485970    0.1729504305476042
0.0275044443027884   0.1733095570282677    0.0220427682895724   0.6742788930284574   1.3205070350735135   0.0275044443016492   0.0275044443027884    0.1733095570282677
0.0275448027434749   0.1736656314599950    0.0221388163742563   0.6776782207691455   1.3214981867589679   0.0275448027428339   0.0275448027434749    0.1736656314599949
0.0275844691415936   0.1740186397855771    0.0222341758244033   0.6811243271188682   1.3224758537471997   0.0275844691414820   0.0275844691415936    0.1740186397855770
0.0276234463773631   0.1743685680688496    0.0223288380970577   0.6846185125625883   1.3234400658507830   0.0276234463777955   0.0276234463773631    0.1743685680688497
0.0276617374398288   0.1747154024952434    0.0224227947386041   0.6881621241857213   1.3243908537189768   0.0276617374408023   0.0276617374398288    0.1747154024952434
0.0276993454263908   0.1750591293723290    0.0225160373856705   0.6917565578400681   1.3253282488476255   0.0276993454278845   0.0276993454263908    0.1750591293723290
0.0277362735423147   0.1753997351303579    0.0226085577660003   0.6954032604345731   1.3262522835892259   0.0277362735442903   0.0277362735423147    0.1753997351303579
0.0277725251002258   0.1757372063227980    0.0227003476992943   0.6991037323595005   1.3271629911631595   0.0277725251026281   0.0277725251002258    0.1757372063227980
0.0278081035195855   0.1760715296268644    0.0227913990980206   0.7028595300533275   1.3280604056661010   0.0278081035223440   0.0278081035195855    0.1760715296268645
0.0278430123261518   0.1764026918440455    0.0228817039681944   0.7066722687224029   1.3289445620826017   0.0278430123291825   0.0278430123261518    0.1764026918440456
0.0278772551514220   0.1767306799006242    0.0229712544101259   0.7105436252242492   1.3298154962958615   0.0278772551546302   0.0278772551514220    0.1767306799006242
0.0279108357320599   0.1770554808481934    0.0230600426191367   0.7144753411262811   1.3306732450986831   0.0279108357353425   0.0279108357320599    0.1770554808481934
0.0279437579093053   0.1773770818641680    0.0231480608862448   0.7184692259527199   1.3315178462046291   0.0279437579125544   0.0279437579093053    0.1773770818641680
0.0279760256283675   0.1776954702522904    0.0232353015988178   0.7225271606335455   1.3323493382593727   0.0279760256314736   0.0279760256283675    0.1776954702522904
0.0280076429378022   0.1780106334431323    0.0233217572411945   0.7266511011705420   1.3331677608522634   0.0280076429406582   0.0280076429378022    0.1780106334431323
0.0280386139888726   0.1783225589945906    0.0234074203952744   0.7308430825367814   1.3339731545281006   0.0280386139913769   0.0280386139888726    0.1783225589945906
0.0280689430348935   0.1786312345923786    0.0234922837410749   0.7351052228273360   1.3347655607991342   0.0280689430369539   0.0280689430348935    0.1786312345923786
0.0280986344305595   0.1789366480505122    0.0235763400572572   0.7394397276806044   1.3355450221572915   0.0280986344320966   0.0280986344305595    0.1789366480505122
0.0281276926312579   0.1792387873117910    0.0236595822216195   0.7438488949913572   1.3363115820866436   0.0281276926322077   0.0281276926312579    0.1792387873117910
0.0281561221923646   0.1795376404482745    0.0237420032115582   0.7483351199385544   1.3370652850761171   0.0281561221926816   0.0281561221923646    0.1795376404482745
0.0281839277685251   0.1798331956617524    0.0238235961044970   0.7529009003531063   1.3378061766324612   0.0281839277681841   0.0281839277685251    0.1798331956617523
0.0282111141129195   0.1801254412842110    0.0239043540782836   0.7575488424531018   1.3385343032934800   0.0282111141119169   0.0282111141129195    0.1801254412842109
0.0282376860765113   0.1804143657782935    0.0239842704115542   0.7622816669766312   1.3392497126415395   0.0282376860748662   0.0282376860765113    0.1804143657782934
0.0282636486072824   0.1806999577377556    0.0240633384840660   0.7671022157452193   1.3399524533173623   0.0282636486050363   0.0282636486072824    0.1806999577377555
0.0282890067494509   0.1809822058879157    0.0241415517769971   0.7720134586940930   1.3406425750341175   0.0282890067466671   0.0282890067494509    0.1809822058879157
0.0283137656426748   0.1812610990861003    0.0242189038732147   0.7770185014090641   1.3413201285918239   0.0283137656394369   0.0283137656426748    0.1812610990861003
0.0283379305212408   0.1815366263220834    0.0242953884575103   0.7821205932137726   1.3419851658920730   0.0283379305176502   0.0283379305212408    0.1815366263220833
0.0283615067132370   0.1818087767185214    0.0243709993168037   0.7873231358554633   1.3426377399530915   0.0283615067094103   0.0283615067132370    0.1818087767185213
0.0283844996397122   0.1820775395313827    0.0244457303403146   0.7926296928423893   1.3432779049251566   0.0283844996357774   0.0283844996397122    0.1820775395313827
0.0284069148138194   0.1823429041503717    0.0245195755197015   0.7980439994914499   1.3439057161063765   0.0284069148099118   0.0284069148138194    0.1823429041503716
0.0284287578399457   0.1826048600993475    0.0245925289491700   0.8035699737508482   1.3445212299588594   0.0284287578362032   0.0284287578399457    0.1826048600993475
0.0284500344128267   0.1828633970367379    0.0246645848255482   0.8092117278694481   1.3451245041252831   0.0284500344093854   0.0284500344128267    0.1828633970367379
0.0284707503166476   0.1831185047559473    0.0247357374483306   0.8149735809923035   1.3457155974458890   0.0284707503136368   0.0284707503166476    0.1831185047559472
0.0284909114241297   0.1833701731857596    0.0248059812196909   0.8208600727705373   1.3462945699759192   0.0284909114216671   0.0284909114241297    0.1833701731857596
0.0285105236956034   0.1836183923907363    0.0248753106444623   0.8268759780835938   1.3468614830035179   0.0285105236937902   0.0285105236956034    0.1836183923907363
0.0285295931780662   0.1838631525716081    0.0249437203300876   0.8330263229829903   1.3474163990681240   0.0285295931769833   0.0285295931780662    0.1838631525716081
0.0285481260042285   0.1841044440656622    0.0250112049865371   0.8393164019792156   1.3479593819793783   0.0285481260039329   0.0285481260042285    0.1841044440656622
0.0285661283915451   0.1843422573471236    0.0250777594261962   0.8457517968076522   1.3484904968365707   0.0285661283920665   0.0285661283915451    0.1843422573471236
0.0285836066412330   0.1845765830275310    0.0251433785637213   0.8523383968254814   1.3490098100486625   0.0285836066425723   0.0285836066412330    0.1845765830275310
0.0286005671372767   0.1848074118561080    0.0252080574158658   0.8590824212098634   1.3495173893549077   0.0286005671394049   0.0286005671372767    0.1848074118561080
0.0286170163454199   0.1850347347201275    0.0252717911012751   0.8659904431484990   1.3500133038461148   0.0286170163482779   0.0286170163454199    0.1850347347201275
0.0286329608121449   0.1852585426452721    0.0253345748402513   0.8730694162375338   1.3504976239865780   0.0286329608156445   0.0286329608121449    0.1852585426452721
0.0286484071636382   0.1854788267959882    0.0253964039544879   0.8803267033288905   1.3509704216367240   0.0286484071676647   0.0286484071636382    0.1854788267959882
0.0286633621047445   0.1856955784758347    0.0254572738667747   0.8877701081003672   1.3514317700765122   0.0286633621091599   0.0286633621047445    0.1856955784758348
0.0286778324179080   0.1859087891278265    0.0255171801006727   0.8954079096575794   1.3518817440296358   0.0286778324225551   0.0286778324179080    0.1859087891278265
0.0286918249621014   0.1861184503347719    0.0255761182801599   0.9032489005180806   1.3523204196885721   0.0286918249668092   0.0286918249621014    0.1861184503347719
0.0287053466717423   0.1863245538196056    0.0256340841292477   0.9113024283755526   1.3527478747405381   0.0287053466763322   0.0287053466717423    0.1863245538196057
0.0287184045555989   0.1865270914457150    0.0256910734715689   0.9195784420969135   1.3531641883944068   0.0287184045598911   0.0287184045555989    0.1865270914457150
0.0287310056956825   0.1867260552172613    0.0257470822299360   0.9280875424690412   1.3535694414086492   0.0287310056995031   0.0287310056956825    0.1867260552172613
0.0287431572461300   0.1869214372794955    0.0258021064258726   0.9368410382859506   1.3539637161203690   0.0287431572493177   0.0287431572461300    0.1869214372794955
0.0287548664320733   0.1871132299190683    0.0258561421791154   0.9458510084537224   1.3543470964755080   0.0287548664344868   0.0287548664320733    0.1871132299190683
0.0287661405484989   0.1873014255643348    0.0259091857070893   0.9551303708915903   1.3547196680602993   0.0287661405500229   0.0287661405484989    0.1873014255643348
0.0287769869590960   0.1874860167856530    0.0259612333243547   0.9646929591261432   1.3550815181340634   0.0287769869596470   0.0287769869590960    0.1874860167856530
0.0287874130950932   0.1876669962956777    0.0260122814420279   0.9745536076149925   1.3554327356634372   0.0287874130946244   0.0287874130950932    0.1876669962956777
0.0287974264540857   0.1878443569496478    0.0260623265671744   0.9847282470008636   1.3557734113581532   0.0287974264525902   0.0287974264540857    0.1878443569496477
0.0288070345988506   0.1880180917456681    0.0261113653021760   0.9952340106916797   1.3561036377084759   0.0288070345963635   0.0288070345988506    0.1880180917456681
0.0288162451561532   0.1881881938249866    0.0261593943440718   1.0060893543937615   1.3564235090244328   0.0288162451527522   0.0288162451561532    0.1881881938249865
0.0288250658155426   0.1883546564722643    0.0262064104838736   1.0173141905007979   1.3567331214769793   0.0288250658113461   0.0288250658155426    0.1883546564722642
0.0288335043281371   0.1885174731158410    0.0262524106058551   1.0289300395715155   1.3570325731412554   0.0288335043233013   0.0288335043281371    0.1885174731158409
0.0288415685054005   0.1886766373279943    0.0262973916868176   1.0409602015251607   1.3573219640421075   0.0288415685001144   0.0288415685054005    0.1886766373279943
0.0288492662179084   0.1888321428251938    0.0263413507953294   1.0534299496621953   1.3576013962020730   0.0288492662123870   0.0288492662179084    0.1888321428251938
0.0288566053941056   0.1889839834683486    0.0263842850909426   1.0663667511964692   1.3578709736920347   0.0288566053885818   0.0288566053941056    0.1889839834683486
0.0288635940190537   0.1891321532630502    0.0264261918233848   1.0798005186899469   1.3581308026847903   0.0288635940137687   0.0288635940190537    0.1891321532630502
0.0288702401331706   0.1892766463598087    0.0264670683317280   1.0937638976419151   1.3583809915118013   0.0288702401283636   0.0288702401331706    0.1892766463598087
0.0288765518309606   0.1894174570542842    0.0265069120435348   1.1082925965424579   1.3586216507234192   0.0288765518268577   0.0288765518309606    0.1894174570542842
0.0288825372597362   0.1895545797875114    0.0265457204739812   1.1234257670054888   1.3588528931529222   0.0288825372565394   0.0288825372597362    0.1895545797875114
0.0288882046183315   0.1896880091461198    0.0265834912249580   1.1392064432175653   1.3590748339847398   0.0288882046162082   0.0288882046183315    0.1896880091461197
0.0288935621558077   0.1898177398625466    0.0266202219841504   1.1556820519614466   1.3592875908272894   0.0288935621548810   0.0288935621558077    0.1898177398625466
0.0288986181701502   0.1899437668152454    0.0266559105240959   1.1729050070137632   1.3594912837909028   0.0288986181704908   0.0288986181701502    0.1899437668152453
0.0289033810069584   0.1900660850288877    0.0266905547012224   1.1909334049261235   1.3596860355713862   0.0289033810085785   0.0289033810069584    0.1900660850288877
0.0289078590581280   0.1901846896745601    0.0267241524548647   1.2098318432826134   1.3598719715398377   0.0289078590609776   0.0289078590581280    0.1901846896745601
0.0289120607605255   0.1902995760699541    0.0267567018062622   1.2296723877574729   1.3600492198394247   0.0289120607644918   0.0289120607605255    0.1902995760699541
0.0289159945946561   0.1904107396795516    0.0267882008575369   1.2505357210495966   1.3602179114899382   0.0289159945995656   0.0289159945946561    0.1904107396795517
0.0289196690833246   0.1905181761148038    0.0268186477906526   1.2725125155539934   1.3603781805010626   0.0289196690889491   0.0289196690833246    0.1905181761148037
0.0289230927902893   0.1906218811343039    0.0268480408663551   1.2957050831571739   1.3605301639954408   0.0289230927963550   0.0289230927902893    0.1906218811343038
0.0289262743189100   0.1907218506439554    0.0268763784230957   1.3202293708027832   1.3606740023428066   0.0289262743251095   0.0289262743189100    0.1907218506439554
0.0289292223107891   0.1908180806971332    0.0269036588759361   1.3462173908732602   1.3608098393066521   0.0289292223167968   0.0289292223107891    0.1908180806971332
0.0289319454444073   0.1909105674948397    0.0269298807154374   1.3738202029875701   1.3609378222051776   0.0289319454498964   0.0289319454444073    0.1909105674948398
0.0289344524337529   0.1909993073858546    0.0269550425065321   1.4032116014482980   1.3610581020885750   0.0289344524384143   0.0289344524337529    0.1909993073858545
0.0289367520269461   0.1910842968668785    0.0269791428873801   1.4345927145912665   1.3611708339350959   0.0289367520305076   0.0289367520269461    0.1910842968668785
0.0289388530048571   0.1911655325826726    0.0270021805682105   1.4681977951349776   1.3612761768688497   0.0289388530071020   0.0289388530048571    0.1911655325826726
0.0289407641797198   0.1912430113261898    0.0270241543301470   1.5043015840687308   1.3613742944028735   0.0289407641805042   0.0289407641797198    0.1912430113261899
0.0289424943937405   0.1913167300387021    0.0270450630240207   1.5432287797806286   1.3614653547118127   0.0289424943930065   0.0289424943937405    0.1913167300387021
0.0289440525177009   0.1913866858099209    0.0270649055691675   1.5853663628241508   1.3615495309395327   0.0289440525154862   0.0289440525177009    0.1913866858099208
0.0289454474495579   0.1914528758781120    0.0270836809522139   1.6311798533027919   1.3616270015482725   0.0289454474459995   0.0289454474495579    0.1914528758781119
0.0289466881130384   0.1915152976302048    0.0271013882258490   1.6812350754617313   1.3616979507176439   0.0289466881083695   0.0289466881130384    0.1915152976302048
0.0289477834562300   0.1915739486018958    0.0271180265075853   1.7362277794209588   1.3617625688040249   0.0289477834507694   0.0289477834562300    0.1915739486018957
0.0289487424501681   0.1916288264777445    0.0271335949785071   1.7970247085093791   1.3618210528739381   0.0289487424443019   0.0289487424501681    0.1916288264777446
0.0289495740874190   0.1916799290912670    0.0271480928820087   1.8647217351131982   1.3618736073291831   0.0289495740815750   0.0289495740874190    0.1916799290912669
0.0289502873806604   0.1917272544250189    0.0271615195225218   1.9407281368625982   1.3619204446473590   0.0289502873752749   0.0289502873806604    0.1917272544250189
0.0289508913612577   0.1917708006106778    0.0271738742642333   2.0268921458472664   1.3619617862698523   0.0289508913567381   0.0289508913612577    0.1917708006106776
0.0289513950778382   0.1918105659291140    0.0271851565297934   2.1256940042469123   1.3619978636817565   0.0289513950745221   0.0289513950778382    0.1918105659291141
0.0289518075948618   0.1918465488104618    0.0271953657990160   2.2405540947041929   1.3620289197470752   0.0289518075929778   0.0289518075948618    0.1918465488104616
0.0289521379911902   0.1918787478341778    0.0272045016075695   2.3763471181279749   1.3620552103922092   0.0289521379908225   0.0289521379911902    0.1918787478341777
0.0289523953586526   0.1919071617291002    0.0272125635456613   2.5403078385205555   1.3620770067794374   0.0289523953597173   0.0289523953586526    0.1919071617291000
0.0289525888006104   0.1919317893734968    0.0272195512567151   2.7437378716524816   1.3620945981962125   0.0289525888028470   0.0289525888006104    0.1919317893734966
0.0289527274305198   0.1919526297951106    0.0272254644360413   3.0055126682165616   1.3621082960410087   0.0289527274335056   0.0289527274305198    0.1919526297951102
0.0289528203704920   0.1919696821711966    0.0272303028295020   3.3601712124721286   1.3621184395959576   0.0289528203736860   0.0289528203704920    0.1919696821711968
0.0289528767498537   0.1919829458285575    0.0272340662321712   3.8799059311841502   1.3621254049667479   0.0289528767526748   0.0289528767498537    0.1919829458285577
0.0289529057037045   0.1919924202435661    0.0272367544869893   4.7518191004238890   1.3621296203715556   0.0289529057056511   0.0289529057037045    0.1919924202435664
0.0289529163714751   0.1920025968865321    0.0272396419930079   12.0000000000000000   1.3621341422860267   0.0289529163714751   0.0289529174820589    0.1919981050421891
