60.000000
0   1   1   2   2   3   3   4   4   5   5   6   6   7   7   8   8   9   9   10   10   11   11   12   12   13   13   14   14   15   15   16   16   17   17   18   18   19   19   20   20   21   21   22   22   23   23   24   24   25   25   26   26   27   27   28   28   29   29   30   30   31   31   32   32   33   33   34   34   35   35   36   36   37   37   38   38   39   4   40   40   41   41   42   42   43   43   44   44   45   40   46   41   47   47   48   43   49   2   50   3   51   6   52   52   53   7   54   8   55   9   56   56   57   10   58   58   59   11   60   12   61   61   62   13   63   14   64   15   65   16   66   66   67   17   68   18   69   69   70   19   71   20   72   72   73   21   74   74   75   75   76   76   77   74   78   75   79   79   80   80   81   22   82   23   83   83   84   26   85   85   86   27   87   87   88   28   89   89   90   29   91   30   92   31   93   93   94   32   95   33   96   96   97   34   98   35   99   
0.300000  0.250000  0.250000  0.250000  0.250000  0.225000  0.225000  0.225000  0.225000  0.225000  0.225000  0.225000  0.225000  0.225000  0.225000  0.225000  0.225000  0.225000  0.225000  0.225000  0.225000  0.225000  0.225000  0.225000  0.060000  0.225000  0.225000  0.225000  0.225000  0.225000  0.225000  0.225000  0.225000  0.225000  0.225000  0.225000  0.075000  0.070500  0.050000  0.125000  0.125000  0.125000  0.075000  0.075000  0.060500  0.007500  0.075000  0.044500  0.023500  0.005500  0.015000  0.075000  0.055500  0.045000  0.016000  0.125000  0.048500  0.075000  0.064500  0.021500  0.075000  0.044000  0.015000  0.012000  0.010000  0.075000  0.044000  0.009500  0.125000  0.079000  0.005500  0.100000  0.063500  0.075000  0.075000  0.075000  0.025000  0.015000  0.075000  0.125000  0.058500  0.005500  0.075000  0.030000  0.100000  0.060000  0.048500  0.028500  0.070500  0.075000  0.025000  0.019500  0.075000  0.044000  0.007000  0.075000  0.079000  0.014500  0.018000  
0   0.000000    100.000000    0.000000
  1   100.000000    100.000000    0.000000
  2   200.000000    100.000000    0.000000
  3   0.000000    -100.000000    0.000000
  4   100.000000    -100.000000    0.000000
  5   200.000000    -100.000000    0.000000
  6   300.000000    -100.000000    0.000000
  7   200.000000    -100.000000    0.000000
  8   208.000000    -100.000000    0.000000
  9   209.000000    -100.000000    0.000000
  10   210.000000    -100.000000    0.000000
  11   211.000000    -100.000000    0.000000
  12   212.000000    -100.000000    0.000000
  13   213.000000    -100.000000    0.000000
  14   214.000000    -100.000000    0.000000
  15   215.000000    -100.000000    0.000000
  16   216.000000    -100.000000    0.000000
  17   217.000000    -100.000000    0.000000
  18   218.000000    -100.000000    0.000000
  19   219.000000    -100.000000    0.000000
  20   220.000000    -100.000000    0.000000
  21   221.000000    -100.000000    0.000000
  22   222.000000    -100.000000    0.000000
  23   223.000000    -100.000000    0.000000
  24   224.000000    -100.000000    0.000000
  25   225.000000    -100.000000    0.000000
  26   226.000000    -100.000000    0.000000
  27   227.000000    -100.000000    0.000000
  28   228.000000    -100.000000    0.000000
  29   229.000000    -100.000000    0.000000
  30   230.000000    -100.000000    0.000000
  31   231.000000    -100.000000    0.000000
  32   232.000000    -100.000000    0.000000
  33   233.000000    -100.000000    0.000000
  34   234.000000    -100.000000    0.000000
  35   235.000000    -100.000000    0.000000
  36   236.000000    -100.000000    0.000000
  37   237.000000    -100.000000    0.000000
  38   238.000000    -100.000000    0.000000
  39   239.000000    -100.000000    0.000000
  40   240.000000    -100.000000    0.000000
  41   241.000000    -100.000000    0.000000
  42   242.000000    -100.000000    0.000000
  43   243.000000    -100.000000    0.000000
  44   244.000000    -100.000000    0.000000
  45   245.000000    -100.000000    0.000000
  46   246.000000    -100.000000    0.000000
  47   247.000000    -100.000000    0.000000
  48   248.000000    -100.000000    0.000000
  49   249.000000    -100.000000    0.000000
  50   250.000000    -100.000000    0.000000
  51   251.000000    -100.000000    0.000000
  52   252.000000    -100.000000    0.000000
  53   253.000000    -100.000000    0.000000
  54   254.000000    -100.000000    0.000000
  55   255.000000    -100.000000    0.000000
  56   256.000000    -100.000000    0.000000
  57   257.000000    -100.000000    0.000000
  58   258.000000    -100.000000    0.000000
  59   259.000000    -100.000000    0.000000
  60   260.000000    -100.000000    0.000000
  61   261.000000    -100.000000    0.000000
  62   262.000000    -100.000000    0.000000
  63   263.000000    -100.000000    0.000000
  64   264.000000    -100.000000    0.000000
  65   265.000000    -100.000000    0.000000
  66   266.000000    -100.000000    0.000000
  67   267.000000    -100.000000    0.000000
  68   268.000000    -100.000000    0.000000
  69   269.000000    -100.000000    0.000000
  70   270.000000    -100.000000    0.000000
  71   271.000000    -100.000000    0.000000
  72   272.000000    -100.000000    0.000000
  73   273.000000    -100.000000    0.000000
  74   274.000000    -100.000000    0.000000
  75   275.000000    -100.000000    0.000000
  76   276.000000    -100.000000    0.000000
  77   277.000000    -100.000000    0.000000
  78   278.000000    -100.000000    0.000000
  79   279.000000    -100.000000    0.000000
  80   280.000000    -100.000000    0.000000
  81   281.000000    -100.000000    0.000000
  82   282.000000    -100.000000    0.000000
  83   283.000000    -100.000000    0.000000
  84   284.000000    -100.000000    0.000000
  85   285.000000    -100.000000    0.000000
  86   286.000000    -100.000000    0.000000
  87   287.000000    -100.000000    0.000000
  88   288.000000    -100.000000    0.000000
  89   289.000000    -100.000000    0.000000
  90   290.000000    -100.000000    0.000000
  91   291.000000    -100.000000    0.000000
  92   292.000000    -100.000000    0.000000
  93   293.000000    -100.000000    0.000000
  94   294.000000    -100.000000    0.000000
  95   295.000000    -100.000000    0.000000
  96   296.000000    -100.000000    0.000000
  97   297.000000    -100.000000    0.000000
  98   298.000000    -100.000000    0.000000
  99   299.000000    -100.000000    0.000000
  